[  DATA  ] (0x0000)  18 31 21 00 02 01 00 19 8A 12 11 57 58 19 08 43   .1!........WX..C
[  DATA  ] (0x0010)  03 D6 38 00 00 00 00 00 01 00 03 05 00 04 00 00   ..8.............
[  DATA  ] (0x0020)  00 5A 00 00 00                                    .Z...           


[  DATA  ] (0x0000)  18 31 21 00 02 01 00 1B 8C 35 17 57 58 19 08 43   .1!......5.WX..C
[  DATA  ] (0x0010)  03 D6 38 00 00 00 00 00 01 00 00 05 00 02 00 00   ..8.............
[  DATA  ] (0x0020)  00 5A 00 00 00                                    .Z...           

[  DATA  ] (0x0000)  18 31 21 00 02 01 00 3A E8 35 17 DD 4E 19 03 23   .1!....:.5..N..#
[  DATA  ] (0x0010)  03 D6 38 00 00 00 00 00 01 00 00 05 00 01 00 00   ..8.............
[  DATA  ] (0x0020)  00 00 00 00 00                                    .....           


[  DATA  ] (0x0000)  18 31 21 00 02 01 00 48 A0 0F 10 2E 4F 19 03 37   .1!....H....O..7
[  DATA  ] (0x0010)  03 D0 DD 06 00 00 00 00 01 00 02 0F 00 02 00 00   ................
[  DATA  ] (0x0020)  00 00 00 00 00                                    .....           

[  DATA  ] (0x0000)  18 31 21 00 02 01 00 7E 22 36 17 56 58 19 08 42   .1!....~"6.VX..B
[  DATA  ] (0x0010)  03 58 1B 00 00 00 00 00 01 00 00 01 00 01 00 00   .X..............
[  DATA  ] (0x0020)  00 1E 00 00 00                                    .....           
