[  DATA  ] (0x0000)  33 40 09 00 06 00 00 00 23 00 00 00 00            3@......#....   

PacketID 33 40
PacketLength 09 00
MapId = 06 00 00 00
NpcID = 23 00 00 00
Bag = 00


RECVEMPTHYNPCITEMLIST

[  DATA  ] (0x0000)  34 40 08 00 00 25 00 00 00 02 00 00               4@...%......    


RECVNPCITEMLIST

[  DATA  ] (0x0000)  34 40 6A 02 00 25 00 00 00 00 0A 00 46 4E 06 00   4@j..%......FN..
[  DATA  ] (0x0010)  70 17 96 00 00 00 00 00 00 01 00 00 00 05 00 00   p...............
[  DATA  ] (0x0020)  00 00 00 00 00 00 00 C8 00 C8 00 C8 00 00 00 00   ................
[  DATA  ] (0x0030)  00 00 00 00 00 00 00 0F 00 00 00 02 00 00 00 00   ................
[  DATA  ] (0x0040)  00 00 00 00 00 00 00 00 00 6A 4E 06 00 71 17 A4   .........jN..q.¤
[  DATA  ] (0x0050)  06 00 00 00 00 00 01 00 01 00 0C 00 00 00 00 00   ................
[  DATA  ] (0x0060)  00 00 00 00 C8 00 E0 01 E0 01 00 00 00 00 00 00   ................
[  DATA  ] (0x0070)  00 00 00 00 24 00 00 00 09 00 00 00 00 00 00 00   ....$...........
[  DATA  ] (0x0080)  00 00 00 00 00 00 6B 4E 06 00 72 17 C6 11 00 00   ......kN..r.....
[  DATA  ] (0x0090)  00 00 00 01 00 02 00 14 00 00 00 00 00 00 00 00   ................
[  DATA  ] (0x00A0)  00 C8 00 20 03 20 03 00 00 00 00 00 00 00 00 00   ... . ..........
[  DATA  ] (0x00B0)  00 3C 00 00 00 12 00 00 00 00 00 00 00 00 00 00   .<..............
[  DATA  ] (0x00C0)  00 00 00 D7 4E 06 00 73 17 10 27 00 00 00 00 00   ....N..s........
[  DATA  ] (0x00D0)  01 00 03 00 1E 00 00 00 00 00 00 00 00 00 C8 00   ................
[  DATA  ] (0x00E0)  B0 04 B0 04 00 00 00 00 00 00 00 00 00 00 5A 00   ..............Z.
[  DATA  ] (0x00F0)  00 00 1D 00 00 00 00 00 00 00 00 00 00 00 00 00   ................
[  DATA  ] (0x0100)  D8 4E 06 00 74 17 32 4B 00 00 00 00 00 01 00 04   .N..t.2K........
[  DATA  ] (0x0110)  00 2A 00 00 00 00 00 00 00 00 00 C8 00 90 06 90   .*..............
[  DATA  ] (0x0120)  06 00 00 00 00 00 00 00 00 00 00 7E 00 00 00 2A   ...........~...*
[  DATA  ] (0x0130)  00 00 00 00 00 00 00 00 00 00 00 00 00 47 4E 07   .............GN.
[  DATA  ] (0x0140)  00 58 1B F4 01 00 00 00 00 00 01 00 0C 00 07 00   .X..............
[  DATA  ] (0x0150)  00 00 00 00 00 00 00 00 C8 00 18 01 18 01 00 00   ................
[  DATA  ] (0x0160)  00 00 00 00 00 00 00 00 00 00 08 00 00 00 02 00   ................
[  DATA  ] (0x0170)  00 00 00 00 00 00 00 00 00 00 6C 4E 07 00 59 1B   ..........lN..Y.
[  DATA  ] (0x0180)  FC 08 00 00 00 00 00 01 00 0D 00 0E 00 00 00 00   ................
[  DATA  ] (0x0190)  00 00 00 00 00 C8 00 30 02 30 02 00 00 00 00 00   .......0.0......
[  DATA  ] (0x01A0)  00 00 00 00 00 00 00 11 00 00 00 05 00 00 00 00   ................
[  DATA  ] (0x01B0)  00 00 00 00 00 00 00 6D 4E 07 00 5A 1B 3E 17 00   .......mN..Z.>..
[  DATA  ] (0x01C0)  00 00 00 00 01 00 0E 00 17 00 00 00 00 00 00 00   ................
[  DATA  ] (0x01D0)  00 00 C8 00 98 03 98 03 00 00 00 00 00 00 00 00   ................
[  DATA  ] (0x01E0)  00 00 00 00 1C 00 00 00 0A 00 00 00 00 00 00 00   ................
[  DATA  ] (0x01F0)  00 00 00 00 DA 4E 07 00 5B 1B 24 2C 00 00 00 00   .....N..[.$,....
[  DATA  ] (0x0200)  00 01 00 0F 00 20 00 00 00 00 00 00 00 00 00 C8   ..... ..........
[  DATA  ] (0x0210)  00 00 05 00 05 00 00 00 00 00 00 00 00 00 00 00   ................
[  DATA  ] (0x0220)  00 26 00 00 00 0E 00 00 00 00 00 00 00 00 00 00   .&..............
[  DATA  ] (0x0230)  00 DB 4E 07 00 5C 1B B6 4E 00 00 00 00 00 01 00   ..N..\..N.......
[  DATA  ] (0x0240)  10 00 2B 00 00 00 00 00 00 00 00 00 C8 00 B8 06   ..+.............
[  DATA  ] (0x0250)  B8 06 00 00 00 00 00 00 00 00 00 00 00 00 34 00   ..............4.
[  DATA  ] (0x0260)  00 00 16 00 00 00 00 00 00 00 00 00 00 00         ..............  


PacketID = 34 40
PacketLength = 6A 02
Unknown = 00
NpcID = 25 00 00 00
Bag = 00
ItemCount = 0A 00
--loop--
wRefId = 46 4E
bType = 06
bKind = 00
Visual ID = 70 17
Price = 96 00 00 00
Unknown = 00 00
Class = 00
amount = 01 00
Slot = 00
Unknown = 00
RequiredLevel = 05 00
