[  DATA  ] (0x0000)  01 37 29 00 01 00 00 00 00 18 00 74 00 65 00 73   .7)........t.e.s
[  DATA  ] (0x0010)  00 74 00 77 00 68 00 69 00 73 00 70 00 65 00 72   .t.w.h.i.s.p.e.r
[  DATA  ] (0x0020)  00 00 00 08 00 61 00 73 00 64 00 00 00            .....a.s.d...   

RECV

[  DATA  ] (0x0000)  02 37 37 00 71 88 F7 17 01 18 00 74 00 65 00 73   .77.q......t.e.s
[  DATA  ] (0x0010)  00 74 00 77 00 68 00 69 00 73 00 70 00 65 00 72   .t.w.h.i.s.p.e.r
[  DATA  ] (0x0020)  00 00 00 12 00 6E 00 75 00 64 00 65 00 6D 00 61   .....n.u.d.e.m.a
[  DATA  ] (0x0030)  00 67 00 65 00 00 00 00 00 00 00                  .g.e.......     




SEND

[  DATA  ] (0x0000)  01 37 21 00 01 71 88 F7 17 16 00 74 00 65 00 73   .7!..q.....t.e.s
[  DATA  ] (0x0010)  00 74 00 6F 00 6E 00 6C 00 69 00 6E 00 65 00 00   .t.o.n.l.i.n.e..
[  DATA  ] (0x0020)  00 02 00 00 00                                    .....           


RECV

[  DATA  ] (0x0000)  02 37 49 00 71 88 F7 17 01 16 00 74 00 65 00 73   .7I.q......t.e.s
[  DATA  ] (0x0010)  00 74 00 6F 00 6E 00 6C 00 69 00 6E 00 65 00 00   .t.o.n.l.i.n.e..
[  DATA  ] (0x0020)  00 12 00 6E 00 75 00 64 00 65 00 6D 00 61 00 67   ...n.u.d.e.m.a.g
[  DATA  ] (0x0030)  00 65 00 00 00 71 88 F7 17 12 00 6E 00 75 00 64   .e...q.....n.u.d
[  DATA  ] (0x0040)  00 65 00 6D 00 61 00 67 00 65 00 00 00            .e.m.a.g.e...   



FIRSTMESSAGE SEND
[  DATA  ] (0x0000)  01 37 1F 00 01 00 00 00 00 08 00 61 00 73 00 64   .7.........a.s.d
[  DATA  ] (0x0010)  00 00 00 0E 00 48 00 61 00 63 00 6B 00 65 00 72   .....H.a.c.k.e.r
[  DATA  ] (0x0020)  00 00 00                                          ...             

Type = 01
TargetID = 00 00 00 00
Text = 08 00 61 00 73 00 64 00 00 00 
TargetName = 0E 00 48 00 61 00 63 00 6B 00 65 00 72 00 00 00


FIRSTMESSAGE RECV
[  DATA  ] (0x0000)  02 37 37 00 71 88 F7 17 01 08 00 61 00 73 00 64   .77.q......a.s.d
[  DATA  ] (0x0010)  00 00 00 12 00 6E 00 75 00 64 00 65 00 6D 00 61   .....n.u.d.e.m.a
[  DATA  ] (0x0020)  00 67 00 65 00 00 00 0F 7B F7 17 0E 00 48 00 61   .g.e....{....H.a
[  DATA  ] (0x0030)  00 63 00 6B 00 65 00 72 00 00 00                  .c.k.e.r...     


SECONDMESSAGE SEND
[  DATA  ] (0x0000)  01 37 13 00 01 0F 7B F7 17 08 00 61 00 73 00 64   .7....{....a.s.d
[  DATA  ] (0x0010)  00 00 00 02 00 00 00                              .......         


SECONDMESSAGE RECV
[  DATA  ] (0x0000)  02 37 37 00 71 88 F7 17 01 08 00 61 00 73 00 64   .77.q......a.s.d
[  DATA  ] (0x0010)  00 00 00 12 00 6E 00 75 00 64 00 65 00 6D 00 61   .....n.u.d.e.m.a
[  DATA  ] (0x0020)  00 67 00 65 00 00 00 0F 7B F7 17 0E 00 48 00 61   .g.e....{....H.a
[  DATA  ] (0x0030)  00 63 00 6B 00 65 00 72 00 00 00                  .c.k.e.r...     
